1号线        180      34      35
2号线         34      84     147
4号线         70     141     155
5号线        142      11     108
6号线        201     136      24
7号线        250     205     138
8号线          2     148     113
9号线        149     200      15
10号线        52     153     203
13号线       249     239      72
14号线西段       215     170     152
14号线东段       215     170     152
15号线        85      34     106
八通线       180      34      35
房山线       219     105      39
昌平线       207     145     145
亦庄线       190       1      72
机场线       153     136     170
大兴线         70     141     155